Execution ID, Initial memory usage, Data memory usage, Computing memory usage, Final memory usage
eb2bab6d-33d7-474d-b2e9-6ecba240837b, 10848, 255468, 246236, 501704
ec11dbc8-66cf-4837-853b-617263487915, 10960, 273904, 246948, 520852
949c47a2-2eb8-4952-9b63-f8f02882dea1, 10896, 269096, 246384, 515480
33444467-1769-4fd2-a1a9-db3167a7e01f, 10996, 267820, 246424, 514244
5c7da5a9-1e98-4230-98e7-31e959d1a3c2, 10904, 272656, 246340, 518996
9434752e-4656-4fa5-a4c2-3a8f05b5b21d, 10872, 265212, 244244, 509456
384cff6e-3e0f-46db-a8a7-5ff3d9954ef8, 10712, 276668, 246400, 523068
df12c85e-94f7-492f-828f-c1acf5c135e8, 10632, 280464, 244080, 524544
f1269464-9b5f-4cc6-b52b-f18708775df0, 10772, 276812, 245872, 522684
cc0d1590-5015-456c-8346-064d78e2b5c2, 10792, 289300, 243928, 533228
19b52b0e-fdcd-4b4f-a343-526e72fa2469, 10980, 291984, 187392, 479376
c56ed51c-70d3-4f75-82ca-4c6c904ea0b8, 10848, 306116, 187760, 493876
b773ce82-6ac4-4322-8132-e2ff943dfb97, 11024, 290812, 187296, 478108
ace5cd99-63a6-47bc-a7bc-aa8d18c2b5ea, 11020, 289128, 188028, 477156
acdb8c07-411c-4710-8d25-65f9329acad9, 10736, 300008, 188032, 488040
b357dca9-ced6-424f-b74a-97503be37b44, 10824, 321428, 189624, 511052
a5784117-636f-40bb-979a-034d8fc0ceba, 10796, 316444, 189760, 506204
1145b78d-d0c9-4845-b1e0-6743552ede17, 11052, 316224, 191364, 507588
f14ea9be-e7c1-4b41-871e-fa2bb2a617ef, 10880, 315820, 189700, 505520
c19d2c9a-add9-46b4-a4d0-acf078538a6d, 10608, 315992, 189284, 505276
b9d1772a-13b7-45af-b299-2d63497fe01d, 11168, 323772, 192248, 516020
01f6ab01-c3a1-412a-b31a-f1f94841a9e6, 10824, 331160, 191744, 522904
675b45a0-c9a7-46f2-8a3b-d6494195a548, 10828, 333212, 192168, 525380
bf13095d-73c7-4da1-ab5a-b71c85a197a2, 11000, 328820, 191876, 520696
79f4277b-888e-465b-9370-dfb8fd5396c3, 10864, 339756, 191732, 531488
488fa9f6-2621-42a4-8448-399b9517ca39, 10724, 277644, 214496, 492140
798a023c-28f3-40a5-9587-a36dcb2783ef, 10920, 273800, 213076, 486876
98d66a19-8504-4613-ab30-f67986e1c330, 10696, 269860, 212816, 482676
3f5f7107-6083-4182-a670-c421b07452f1, 10920, 266600, 213144, 479744
143e0f66-64c4-4289-8152-cecb7062f8d2, 10836, 271872, 212624, 484496
efc69981-5833-448a-91bd-8b061fbd00c0, 10780, 279316, 181984, 461300
d4de88ab-867e-47e9-8d2f-16a553da869c, 11064, 279892, 181868, 461760
cbd3244a-11dd-4920-bc6b-148bcd415365, 10784, 277588, 181932, 459520
53f9ec99-2717-408a-818e-fe00527ed537, 10960, 289076, 181996, 471072
9d6c83fc-bf17-43de-b359-0b870c8630e7, 10864, 283232, 181480, 464712
5be013cb-8238-4689-bf50-be2cf0afd48d, 10988, 304244, 181964, 486208
b2e8b21d-0d92-4423-aa51-c50e3f673338, 10796, 298952, 181772, 480724
2c1d2d05-5264-4c32-b821-86f4adb7094b, 11052, 301028, 182116, 483144
d6460db7-4f32-4426-b7b5-3eaf6cf2ec3c, 10900, 302220, 181888, 484108
6615db52-be6b-4071-b5e5-068548d704b7, 10944, 294532, 184032, 478564
dd230172-3ced-4fe7-94e9-f2f44480ba31, 10884, 292672, 181916, 474588
e08e307d-726d-457b-9fa0-e1ba04e81995, 11000, 312912, 181552, 494464
b7eee099-ffc2-4760-bd5b-1a47a7b09428, 10776, 315280, 183996, 499276
e26b3ce5-8322-437f-a732-773e155aff8d, 10856, 319200, 181112, 500312
87efb08d-286e-415a-a544-ded3abe86de4, 10960, 313092, 182200, 495292
f7ba9ae5-b9c3-49db-92ca-a8d9621d5452, 10932, 324892, 181404, 506296
89c4199e-2f25-4621-b5a3-9ecd7608e422, 10824, 337804, 181512, 519316
e06ae684-9f16-44ed-aca7-b26a31ddd874, 10964, 328192, 181312, 509504
b1a46de1-8c5e-4249-88bf-16705ec8ce0a, 10900, 321992, 181868, 503860
b4fd9380-c355-4de9-8ba3-407a82ba6a44, 10880, 319600, 181784, 501384
48adcb12-0682-46db-a030-4e0d19d0e351, 10916, 278700, 361056, 639756
43fb1231-7645-4a92-8dea-8854bc70cb8f, 11148, 256556, 331032, 587588
8471752c-4c95-4803-b0b2-822447aca519, 10984, 263276, 315572, 578848
28e00f8d-d476-474b-8934-8016aa59ace6, 10840, 263452, 364632, 628084
a1d16acf-d5e1-44de-b245-b6ceacca115a, 10804, 274460, 332820, 607280
35665129-90f9-4275-964a-497ce14fe966, 10804, 287200, 316944, 604144
5192b2fc-1a99-4371-a66a-cad97296a657, 10952, 292232, 383736, 675968
f1527471-583a-48fc-8352-a7bd91004fa3, 10960, 286448, 411044, 697492
e1892912-2f98-4fa3-9fef-577de2ffeda8, 10876, 284412, 379928, 664340
24c623d8-4d63-473f-a221-401b9bd28e51, 10848, 277420, 378500, 655920
2cffb844-b651-458a-a4df-86f38d5d8a0d, 10904, 295448, 200096, 495544
d8b885e9-4c1c-4d3b-8577-d1e0754bd294, 10812, 291484, 198156, 489640
ad74005a-a4d5-4512-aa4c-0d92c88492b7, 10968, 291372, 196180, 487552
8875fab6-1a36-4652-91d5-26b0d3d8787d, 11016, 294644, 197096, 491740
9d3f15e3-4823-48b4-9109-41dabd909001, 11044, 298284, 198312, 496596
abf2a874-67da-410f-9c19-a671263af3a0, 10868, 314360, 200084, 514444
75985b66-a929-4805-8df6-6372447d8088, 10956, 317968, 201008, 518976
3b27224a-d2ab-4635-9db9-f6a4d4099971, 10944, 319260, 201028, 520288
aa7e5c45-6f91-4e9c-bef3-23feec60445b, 10892, 310088, 201816, 511904
daac82f2-dc9d-4bfe-ac8d-8d89050fe1aa, 10940, 315272, 202992, 518264
df60a5f9-e144-4f32-a6e0-349c7481de08, 10980, 341596, 205560, 547156
1b6a8327-250e-47a5-9bd1-6e32db89c520, 11052, 327076, 203828, 530904
9ea8417a-6150-4d80-a15f-c57a08c618c7, 10864, 332372, 206072, 538444
01406f65-054a-4457-b8fc-58f316cf26bd, 10616, 331012, 203868, 534880
aa7f57d1-af46-4322-9cde-0fbe258a247d, 10720, 324024, 203708, 527732
bc396cdd-982e-4403-8b17-12449443328c, 10772, 272136, 199080, 471216
56630ea5-a318-4dfa-b650-51ddd47d3d34, 10808, 260908, 199008, 459916
090277c9-a26a-4c21-a39f-921650935d4b, 10776, 260488, 196560, 457048
12bdf427-3b1d-43b4-b2ff-8e616bd53bcb, 10816, 260788, 197100, 457888
87a0470f-9dfb-4047-bc65-086975456616, 10704, 255048, 196572, 451620
4811d8b7-6e72-44a5-a480-33e2284d6ace, 11072, 275024, 183896, 458920
1805d94f-ff0b-4745-9f85-50b12fe3ee8a, 10860, 273552, 181980, 455532
f225e38b-c4b8-40f3-a549-941b27f78fa5, 10752, 274256, 181848, 456104
25baa71f-95f1-43dc-9c2b-5dc6363bf1ae, 10952, 284140, 181152, 465292
18d4f1ed-a4b1-4ee7-bd81-0f929459f07e, 10932, 277920, 181440, 459360
60a7a59d-2368-42b1-94f7-48141ddfdc4e, 10768, 294784, 181436, 476220
870b7e17-c287-4188-ac2f-96a588a9c248, 10976, 283132, 181076, 464208
5dd5eb5e-3994-4517-aada-ccdc11955af8, 10804, 283748, 183856, 467604
541f77a8-b546-44d1-a4c5-61ef998bd60f, 10976, 295288, 183996, 479284
c101751e-7190-4132-8301-e974091a6b10, 10604, 291056, 180508, 471564
413bcb97-e372-4d5b-afbf-db385ec8f160, 11008, 305440, 183236, 488676
7abc7230-533a-4016-b22a-726033cf4e86, 10824, 297692, 181392, 479084
d9a2f4e9-f644-4398-8f20-ceb2f3674836, 10932, 298380, 180816, 479196
f03a0421-18a4-42c3-9ab7-d9a9f080a4b9, 10732, 312988, 183832, 496820
2a668a91-ddaf-4402-8798-363e845ddfcf, 10796, 307208, 181404, 488612
30bc7547-d559-42a3-af16-e3c47bb75d1d, 10884, 320240, 181424, 501664
e1fd449d-3ccf-4324-9a31-ef59b36371e7, 10892, 328916, 181332, 510248
6a5f3309-fe5e-4acd-9aa7-7aae109c3b4d, 10716, 317212, 181472, 498684
4d85e150-10e0-433f-9ac0-a42e18c2b560, 10820, 317088, 180940, 498028
71260a66-ee92-48f4-b84f-489f14ac39f3, 10900, 320236, 181564, 501800
14687a01-a362-4b6f-a8bd-a454672bf66f, 10868, 261208, 201812, 463020
0ad1794f-1c28-47f3-969a-0ae807c3894c, 10880, 257124, 201472, 458596
4145f58f-b885-4136-91c3-990bb5bc1ed7, 10952, 263860, 205688, 469548
0c624899-b201-4fd2-8aeb-8dfb80575492, 10856, 255232, 203772, 459004
6a5789f7-8079-45af-a17b-9305e786c3df, 10988, 258984, 203432, 462416
fd1204bc-0bb4-42ca-afcb-33cf06922f36, 11096, 283000, 220844, 503844
7b37b231-dc9c-471e-95d6-edfaa23e3280, 10912, 287948, 220180, 508128
e1de4d2f-d6ad-4c4d-9854-51cde0cb138b, 10816, 269724, 220676, 490400
e6ed3e26-1d21-486d-b80e-f23ea313386a, 11028, 278016, 218484, 496500
6f5a2718-970a-4071-9137-937101e116c9, 10816, 284340, 220540, 504880
ae13e0e3-22ae-436a-be8c-23d918cdcb3b, 10796, 291676, 188896, 480572
0a9bdb74-77e1-43e2-bc56-bbe8e85cacf5, 10724, 288892, 186556, 475448
ab2bbe36-503f-4062-8a97-4d42a4f7524f, 10796, 294016, 188784, 482800
8dc67896-e32c-43f9-a764-5d77f8f59ad8, 10888, 292120, 190196, 482316
89edad35-259e-44ad-a39c-19b37b4e1533, 11072, 289392, 188368, 477760
1fc73dda-defb-4843-ac48-1a5354ed1712, 10936, 312760, 186464, 499224
4879745e-d1e4-4c71-b425-bcd9b7c50ab1, 10820, 300028, 189236, 489264
9a103011-040e-4ce7-ad04-eb40aa613d5c, 11048, 303708, 191628, 495336
5c6ddcf1-a7e1-4ede-823c-72fa6e3b4b9b, 10984, 305352, 191160, 496512
eab6cbad-7c0e-420e-b4ee-5b9821ad9080, 10980, 301628, 187072, 488700
1a1bf8ab-10ba-41c6-9983-4bd177c87478, 10776, 316016, 189324, 505340
05866fdd-4951-4481-a7ad-1bab9813c2d1, 10748, 319880, 191144, 511024
7bb7dce4-a6df-4563-80e8-b3b09980c3d6, 10968, 328220, 188064, 516284
11fd7856-463f-4b77-bf55-37adbd2c9843, 10736, 319492, 187884, 507376
bff667b5-0155-4416-8b56-2dfb4ba92b6d, 10900, 324452, 190140, 514592
e3d81b65-dfc6-45dd-b9b2-faa56374332f, 10632, 259512, 350432, 609944
e1b9e10e-68ba-4829-82e7-ac417db1663b, 11048, 252888, 333468, 586356
b9b2325b-a036-4686-aeda-8beac88e2560, 10956, 253852, 350572, 604424
44d22648-5aca-4224-9bc0-2b56bdff1157, 11032, 269580, 333512, 603092
d521dbcb-16b7-4df4-862c-d30e855348af, 10832, 250532, 317252, 567784
b1d87b6a-6968-4111-b2ca-6e8fef9dc08e, 10944, 261512, 284088, 545600
40d741ba-5c58-46d9-bb72-fa387b757580, 10784, 271288, 416340, 687628
bfb0230a-5bfe-4e2c-b4e5-2d9af3802b4c, 11028, 274656, 288512, 563168
c5bbb1fc-a821-48e5-8ced-1226954e400b, 10800, 264768, 348644, 613412
4bf7b5eb-6240-46c3-a768-98c7caba2fb0, 10924, 277160, 351340, 628500
d6854f50-b63f-46ee-91ff-b7839dc06724, 10764, 284864, 197060, 481924
749eab7a-9d81-40a2-8455-f56a48f467da, 10888, 283600, 196828, 480428
ddd37a60-4c7a-473e-98fd-f9998fd751ff, 11100, 290208, 197856, 488064
25d1adcf-66be-46af-8bef-993c17f716a0, 10780, 289624, 195332, 484956
9e6cdd97-87a7-4294-a036-bf9796909ff1, 11200, 293676, 194372, 488048
37b59fa2-e6c4-4f36-a532-f1f37e6670cb, 11156, 311816, 199696, 511512
f1c5be12-2ac3-4f8e-a4fe-27e60ad56ab5, 11200, 310652, 199664, 510316
e91c0189-ce1d-418b-9eb6-95598d018340, 11056, 300572, 197744, 498316
8b1f7702-cb58-4585-9b01-1a7ede4ce9f6, 10784, 309896, 199460, 509356
41255b2c-396a-450f-8b74-a55cbe4556e5, 10808, 306060, 198340, 504400
7aa5cac1-661b-4062-91c0-62bb116dd298, 10760, 321524, 200604, 522128
2fa70518-0c82-4333-b9af-96e1ca067fd2, 10980, 328812, 201876, 530688
88f67552-958f-4d59-8641-2d497ab83594, 10896, 313516, 207420, 520936
5531a72e-e029-4b2d-bd5e-2d6edde02733, 10864, 320700, 204064, 524764
2a860e59-2513-4cb2-9038-02cd4a0ba920, 10832, 320240, 203192, 523432
09b67728-a70a-4631-9eeb-a0728c24a2d7, 10736, 260452, 206404, 466856
3226af30-d31c-42eb-9090-236a15ea2eb1, 10856, 251100, 207340, 458440
8d83c95d-6ff9-4bdb-82ab-5832601ca348, 10888, 254684, 207376, 462060
922e8b18-7711-4933-abe4-7d76e90d596a, 10936, 260204, 207672, 467876
288fad14-a6f3-4217-b915-671cdb5984e3, 10896, 251472, 207572, 459044
e70a09ba-12fc-4668-a4a6-8d59a1903859, 11008, 270668, 192876, 463544
db9c7d02-7559-46c5-9a0e-563f73d03360, 10780, 273020, 191804, 464824
882781a6-ca5a-4c93-a1ae-09a82ff662e2, 10944, 270652, 192664, 463316
a6171283-8887-458e-b357-f3c4d7afd27b, 10872, 278820, 192208, 471028
be476e60-ab86-4f86-84c8-e8e88e75b261, 10916, 275060, 195040, 470100
f8664208-4fb7-4130-af0f-054607246393, 10968, 298144, 194872, 493016
174063e9-7220-4dfd-b4ed-4d634acec464, 10848, 287632, 195092, 482724
94a103e1-61b7-4caf-a2ee-0c458afd8bbb, 10892, 297988, 194128, 492116
af761556-fd67-4e1b-a096-b091cd55e4e6, 10936, 286552, 193400, 479952
91d4b8d0-d67c-4d6b-9700-93db6ea602fb, 10696, 288172, 194892, 483064
cdfba1dc-2f82-459b-a291-ab61d76de22e, 11004, 307052, 197680, 504732
6c2fa4e8-cfdf-4f5c-80fa-39644f62d05e, 10796, 302252, 195836, 498088
f128625b-12a8-43e2-aaa3-55d529839b59, 10724, 305724, 197728, 503452
78c284fa-e514-4d5b-9856-aca3fdf5f024, 10848, 295748, 197776, 493524
89e2cc09-ab8c-4587-a033-a033887341a3, 10804, 313476, 197852, 511328
268fbfa2-4614-4aeb-a2f2-fd9db71fa592, 10724, 317684, 187836, 505520
2874452c-1460-43e7-84b0-004c5684f847, 10912, 319452, 188256, 507708
e3a70651-a531-44ba-882d-5201f5887e4f, 10884, 318516, 189836, 508352
9443c297-fc68-4892-af99-cd8b8209e442, 10988, 322100, 188496, 510596
6a37e29b-ee96-45e0-b5f9-aea4d371036a, 10852, 326688, 187952, 514640
d2e3ad1a-cdef-4acf-8684-42d87b47db26, 11044, 252484, 518516, 771000
b333a8ff-8f8f-47d0-99f5-fbee4d4dabd8, 10572, 252484, 487176, 739660
c9704d7f-44cc-4c9d-bc8a-e43fd1e40b96, 11016, 257660, 504576, 762236
4bd64f5d-ff81-42b8-9ebf-c2b8c68d44d2, 10788, 255204, 469276, 724480
87507694-582d-4bae-8bf9-d9427d9a8228, 10720, 249208, 489024, 738232
c27ff7d9-2de7-40f0-9140-5c24249e4e7d, 10912, 274748, 811892, 1086640
19f527fc-b27f-485e-b5d2-6e4a81eb1600, 11036, 279652, 875116, 1154768
d16bb2dd-f796-4937-9038-c84ec2f27d0c, 10852, 280840, 683196, 964036
71c4477e-5ca3-4b85-8247-ee8d55255b51, 11020, 270768, 713440, 984208
6a51b594-76af-4d89-b1df-5921727245e0, 11108, 274148, 877040, 1151188
5abe44b1-4aa0-4275-bfdb-c43621617ff1, 10956, 290320, 206232, 496552
b746b97b-88f6-41b5-af40-960aba51f477, 10904, 281904, 206412, 488316
0622d219-d3a8-428e-af76-68bd27987f5d, 11040, 287508, 206976, 494484
5d946d92-3db1-4c8d-b8f8-4f411497c8bf, 10768, 298600, 205972, 504572
753b2d40-d7b6-4ffc-8ab9-09829c5bab50, 10924, 287044, 205092, 492136
172f2565-dd19-4932-8bb0-a8d215f18c5b, 10948, 308196, 209092, 517288
62033ca1-d520-4485-84a1-e7a62bd04e88, 10864, 305176, 208680, 513856
8597e872-d364-4134-8782-efd86d2cfc44, 10868, 304404, 208592, 512996
07bc5d0f-c63a-4564-bce3-47e28318bb04, 11024, 302684, 210940, 513624
63e70a9a-e141-40ea-8002-5f2ad1c3f40e, 11208, 299672, 208680, 508352
e0b069ff-4015-49d1-8d27-0b61c182c0a1, 10940, 323520, 216764, 540284
a94f360d-f3c7-4e20-8b37-22c466281c17, 10968, 313676, 216888, 530564
79161fa5-1f0b-4c08-86ca-76d4d4a66449, 10868, 327972, 216684, 544656
d67e633b-e554-45da-acae-5ef33f48c955, 10848, 328516, 213744, 542260
e89dbd18-faf8-428f-8c4f-337a191dbb20, 10776, 323320, 215688, 539008
6584cfad-b23e-432a-9687-848974a3844c, 10796, 262968, 183384, 446352
ad1f197c-bc09-499b-b018-d352d05a9de4, 10812, 255260, 183008, 438268
c8953349-f9cf-402d-a37e-c24814af22f9, 10876, 255728, 182964, 438692
0236fe71-e863-41cf-b5a0-996c3a4c4414, 10760, 251116, 185288, 436404
1440f0aa-2dc8-4517-82e4-a8eaa6b67b7b, 10884, 250992, 183352, 434344
2dc86fb4-0cae-4744-aa89-702207584cd9, 10952, 278820, 185108, 463928
8cf06a32-a858-42b8-8fb3-2f004228bff6, 10900, 278584, 185508, 464092
2113b9c3-d2e9-43ef-8acf-12324d2c50e4, 10876, 276384, 182556, 458940
1d0c2d64-7bd1-47a3-9632-d0a2ab9a964e, 10776, 274684, 185136, 459820
7eec4953-a8d5-4508-b73d-244789e7d468, 10940, 268544, 185632, 454176
8c2f164d-aeaf-4424-a213-6ae74fdd5314, 11036, 295920, 185368, 481288
0c8c4e3d-c5dd-40d8-92b4-8ca7530eaa29, 10848, 296304, 187428, 483732
a66c3480-69e0-4b9b-b3e8-846c665f7de3, 10944, 280368, 184932, 465300
c21eeb31-8f32-4917-b6e9-0d390531086c, 11076, 295528, 183232, 478760
ccf3a905-6c9d-472f-83a6-86130dce2f91, 10700, 294100, 185244, 479344
cd2427b9-3389-40d8-9b63-07a40d740dda, 10744, 304512, 183400, 487912
aa7903ce-060d-48bb-b03c-09c53b3ccb9e, 10640, 298228, 183072, 481300
882a5248-51b2-4480-8679-895ab9a8e3f9, 11160, 295952, 183900, 479852
cae5b619-b926-4058-8206-07f100c0b1ed, 10812, 301472, 187048, 488520
9049c971-c179-49ed-b1dd-18a9f0447c1d, 10940, 306184, 184776, 490960
23584d2c-fa53-4fa5-aa9c-6ebba289e120, 10976, 317704, 184720, 502424
ba112ba0-01d0-4f8f-a219-c9a6da9e739e, 10956, 327112, 183188, 510300
1fd986ff-f961-4a27-915c-65e39505897e, 10892, 309808, 184972, 494780
8d385659-b558-49fc-b983-e808375eba9f, 10932, 302872, 185444, 488316
4b010834-88c6-4994-9105-a95b5b83b654, 10956, 317816, 183384, 501200
e27a4fc5-288a-46bf-8fcf-603ec320ba3c, 10924, 251124, 188108, 439232
e4c06956-266a-49d4-b42d-65259f70a906, 10876, 263340, 187536, 450876
006ba824-5924-47ad-b8af-98edcd6955ec, 10732, 255280, 187964, 443244
4e7b7fd9-4dba-4441-80f3-61f7fd4d6b79, 10668, 253252, 251076, 504328
9db188b4-edbf-4754-8404-3537f9f7d5c2, 10972, 257716, 189496, 447212
6f4df3c5-a87c-4c44-9137-47b53b95a641, 10816, 282776, 281428, 564204
e316e737-4760-4b57-81d8-031cc51fa486, 10732, 274428, 250132, 524560
0ca3ec20-9e75-483b-a890-56bf32b061d5, 10712, 267068, 250568, 517636
c0100c19-8c7d-4d10-815d-4139ac3792c2, 10796, 276800, 252548, 529348
164e49de-f6e7-49f1-8a4a-863869b32b92, 11044, 272964, 281932, 554896
58657e7e-e5b1-4eb6-b7fb-2cca5bd75d1d, 10756, 284108, 187716, 471824
b2db90b9-b021-40f0-89a7-10e06e147e44, 10828, 288260, 187444, 475704
8813740b-94ab-486b-bb95-da734dedbfae, 10916, 290524, 189944, 480468
3b91db76-c4b4-46cc-b526-9067a728f7e7, 10820, 296280, 188584, 484864
178828c5-755d-4c95-9c8b-735175f0b8b7, 10804, 296084, 188944, 485028
cd99dc94-d0e9-4670-ae5c-ac63995592b6, 10684, 319044, 188476, 507520
92bad61c-1072-4e88-8615-6eb218f0af97, 10672, 321020, 191220, 512240
60639499-f11d-43c7-8e33-fdafee5a69bf, 10776, 316344, 187944, 504288
7113c544-c44c-4048-bc0d-c2d58496e4f6, 10724, 318708, 188448, 507156
bdd287f9-395b-48b5-bf8a-a4e3cabf26a2, 10992, 320864, 189640, 510504
31d6bf4c-8eb1-47f8-975f-a757efda80f6, 11056, 339644, 191264, 530908
6191c52b-78ab-4883-9e2e-c9c2f04adef2, 10984, 339876, 190828, 530704
9ae01883-8b21-4939-a428-9d0b55e5e2b5, 10968, 337868, 189960, 527828
8bf07cfd-a94e-41ae-8ef6-62bc0e636bc6, 10900, 333716, 188568, 522284
53689f9c-7f6a-4c6c-8487-c7f69097b3b7, 10908, 341844, 191188, 533032
0288e1d8-70c9-41b2-83c6-791ace1cb415, 10644, 271876, 299296, 571172
1de516d0-81d8-413f-aaa7-e8bd073a21ac, 10848, 269028, 297736, 566764
c62452de-9d64-483f-b5c2-0db722e60993, 10984, 273868, 299968, 573836
131426b7-e6c6-4672-b7c2-077f567c792f, 10812, 279632, 297672, 577304
04cd10cb-fb86-488d-971a-684742f29b96, 10740, 280752, 299496, 580248
a6903ad7-4b25-4b73-af19-ab8060661f4a, 10856, 289868, 312932, 602800
524f7d4a-7aab-4ad0-a155-f4158ca17fcf, 10944, 282880, 312640, 595520
dd684f30-9851-4d2b-ae70-97020c413ab9, 10740, 291100, 314612, 605712
7aa7103a-f3a0-4f9a-b7ef-0d57fa50cb9d, 10804, 295928, 313044, 608972
65c20fef-f1c0-44e6-bb87-9510a0f062f1, 10724, 295152, 316584, 611736
173c4813-d057-4234-b684-c172bab4f7ee, 10632, 300708, 196168, 496876
bb860d5b-1586-475f-a921-7f3936357c96, 11268, 302896, 195240, 498136
cccfb27e-6f04-4c38-8733-30b19952226d, 10704, 307484, 192692, 500176
6d5f7918-a338-4252-8539-e2076e2446ec, 10820, 310940, 194352, 505292
ae4c659a-04aa-4487-9293-36e6e640b10a, 10972, 303376, 193304, 496680
d990ddbb-6418-49d6-a853-dfff5e491bf7, 10708, 322536, 197332, 519868
95ec935f-de9c-4ea5-99e1-effbc646cd4c, 10732, 323348, 195792, 519140
d0a95976-e4d6-401b-bfd7-ba62002fe0d7, 10732, 317768, 195652, 513420
17987cb9-5c08-4b56-aa49-6367d015f108, 10892, 321220, 197140, 518360
0b75f720-37ec-4968-b499-62164ab37d77, 10968, 312500, 195436, 507936
338f9f2d-679c-4382-aeac-684decfc8764, 10908, 342128, 200776, 542904
a134fff0-11c0-4b78-acde-f4abfed0dd93, 11060, 333708, 200788, 534496
6cc0fc8c-9035-4a8f-8e98-e2084897c9f5, 11096, 332212, 199664, 531876
93f4e68a-6b55-4ce5-84f9-e22c723ebab2, 10976, 336316, 201372, 537688
1da549d2-fe3c-440b-b6dd-a4c6b5b913f4, 10984, 338172, 199528, 537700
0e3e26d0-a582-4818-a24f-ce6e87e05b3a, 10812, 280324, 214740, 495064
d5c5b67c-0351-4198-b7e4-367f062da8fe, 10996, 274208, 213160, 487368
0d149e9b-0b3a-45da-b72f-c98dcccc56f1, 11068, 275500, 212448, 487948
8918d93a-54eb-4d7d-96b0-51dc6ee4f535, 10856, 272216, 212900, 485116
7d4425df-2126-49ed-b0eb-658fb9c5f584, 10736, 277268, 212496, 489764
8043ad18-eba3-4158-9b13-7532522a13c8, 10956, 290652, 181988, 472640
2f9838ed-baef-4c60-80ec-0c0edba2b1c4, 10964, 293392, 181352, 474744
18e4ff8e-48a9-41ab-9a68-e2b0546d236f, 11148, 292100, 181720, 473820
8da96c4e-c3c9-443b-a39e-906082f6e5dc, 10980, 290724, 183308, 474032
016c2880-2fc9-417f-acb4-0f54271af278, 10884, 284988, 181284, 466272
121b4378-c6c8-4192-b3c5-80871575878f, 10776, 309548, 181992, 491540
6e154380-cab6-4839-9146-e82111f4a2f5, 10728, 308860, 181944, 490804
a77009ee-ce1c-405b-a41e-bdd159bae50a, 10708, 306964, 181192, 488156
82a58026-b659-46e2-a880-3c12602340c4, 10812, 303932, 181148, 485080
169edf3d-9a90-48f4-8fcb-9b59e6569cb3, 10956, 303048, 181336, 484384
d273bd5a-cc68-476f-96d3-77239b0c8692, 11008, 322192, 182352, 504544
b272460a-694f-4367-b538-0e656edb1fd5, 11076, 320068, 184420, 504488
9a7fb744-e143-46a0-9cc7-126b35740214, 11136, 327412, 183976, 511388
398b24cd-a5a1-430c-88b8-20ce7d582679, 10724, 324696, 181784, 506480
f0e65a3e-a9e6-4dd6-8547-4f79b53f179b, 10864, 323644, 181668, 505312
1c949816-b228-402e-b2c4-3013c5e34761, 10804, 336636, 181696, 518332
0f4f511b-1195-44b3-b243-984d1097e8e2, 11152, 335824, 182384, 518208
b9921e79-2da1-47a0-aff5-2125ae6bc32f, 10808, 338212, 183408, 521620
eb1e73ec-b01a-41bb-8786-d8e275bcc78c, 10724, 342076, 181368, 523444
7d3c9df9-aeda-4744-81c1-3e7d2f4104c6, 10940, 341036, 182076, 523112
9d16238c-e8aa-4c2c-9361-a4190a20bcd2, 10972, 278348, 314812, 593160
faa77de4-6187-4a50-be5b-0308881ec1b7, 10860, 273476, 317556, 591032
1706c182-03f1-4642-b7d4-6523a5d3c996, 10868, 281380, 332408, 613788
2bcf8104-bf8b-4f6b-af80-1777f35289e8, 10972, 273676, 315488, 589164
8bfe8754-c0a8-4ede-87e9-96e884924a95, 11004, 268412, 333448, 601860
ed078cb3-8194-4c92-8b81-fac4fb834a3a, 10740, 296280, 316704, 612984
61a0f16c-7147-41fc-a2de-4a76bb76c83d, 10892, 290752, 318860, 609612
192da57e-c430-4dc0-80a3-69dca0a209c1, 10688, 294168, 378200, 672368
25a86eaf-bb91-4aa2-ac69-f7ca6afe82df, 10712, 283788, 317360, 601148
a733f0bb-24ef-4dc3-9dad-e9f116ecc210, 11044, 288276, 316524, 604800
48868058-0e29-4944-894d-c1348a538f9c, 10896, 302936, 198064, 501000
e92a9d65-b0b2-4b28-a699-6d69f90a23be, 10724, 304704, 196576, 501280
c63e83e4-5504-4a46-b5ab-392ea43e1a72, 10888, 302136, 196092, 498228
b5b5c429-b2fa-4288-a215-d9dcf8c0747c, 10872, 304736, 197692, 502428
a6ea7617-71f9-4d56-932e-a336d70587cf, 10760, 310900, 197364, 508264
35e5ee0c-cfe3-4c09-9663-121339e388bd, 11024, 325964, 201196, 527160
7afa89fd-5360-4502-96b2-92e482ce2d41, 11044, 325472, 202392, 527864
c7487ab2-700d-4155-87e0-c04c7973b440, 10836, 319976, 204476, 524452
c1af9cb5-ff75-40e8-9a27-f9f3080ec679, 10740, 322368, 202644, 525012
4c67e2e1-8d5f-45c9-b383-71695bb159a6, 10724, 325300, 202520, 527820
55d2bd8a-58fc-44e9-81fd-8d5299b53350, 10704, 341692, 202636, 544328
6e1607e3-c2cf-4752-bc6a-18042fdc4f80, 10844, 339764, 204460, 544224
4ace1568-32fc-45fb-a781-94c866da57b0, 10712, 337900, 205200, 543100
b3efcd74-641e-44da-94c4-a21b7edb5987, 10848, 337764, 203652, 541416
641c724e-241b-4b2b-8087-54096a341719, 10988, 334672, 206476, 541148
4fd9328d-0d50-4eeb-b603-3a666b25ee03, 10804, 266156, 202356, 468512
178ba17b-d17f-40e7-bc2f-a30973770e06, 11212, 270008, 200708, 470716
19ccc261-787a-4eac-84b5-f2214465eed8, 10840, 277384, 202660, 480044
213ae704-beb2-48f5-9511-9b67eeb6d34f, 10860, 274316, 202112, 476428
110820e9-6327-42d1-a8fd-007f5dd89a6d, 10896, 279036, 202360, 481396
37d5cb65-4586-4206-a247-16ffe2da775d, 10908, 292760, 185296, 478056
7eeff633-060e-45b4-b4aa-aa9e961eb2df, 10908, 286944, 187532, 474476
d2f25e93-31f5-4b16-adda-90151aac1282, 10888, 292632, 187644, 480276
b5040e76-c49f-4996-a3bc-f40ddb294d93, 11032, 291272, 185372, 476644
553c9b93-a0ef-4877-81af-a71635d1af1f, 10708, 293168, 186828, 479996
bc6e02d8-36e2-46ff-b779-120abbaa036c, 10732, 311612, 188716, 500328
44a177f7-3304-4480-8d89-c47eb83b773f, 10796, 310872, 189536, 500408
8ea4b64c-b64b-40ae-9ee6-0bcb43b31dbf, 10944, 278856, 187452, 466308
2965da26-06b8-422c-9536-9e5a963f18f6, 11168, 313836, 189628, 503464
d9f3fa87-8af3-41c8-a60d-b87623718fcc, 10972, 306852, 187648, 494500
9ef9e6d5-a045-4d1b-9ab0-7ac725a7069e, 10896, 321448, 193684, 515132
e1b63615-34e9-45ae-9908-ed228ff3cc1a, 11068, 327172, 189468, 516640
c83fa49b-c896-42b4-a706-4713179c98cd, 10736, 323976, 193280, 517256
6d5b6443-47f9-491c-aead-3317d1f8c6f0, 11088, 326468, 189516, 515984
8a717361-7f58-4e92-afbc-39be107615c9, 10828, 320904, 189496, 510400
012ed85a-9758-48eb-a5e7-689f1bd47337, 10996, 338812, 186820, 525632
e53b1b1f-ca1a-4581-9a2a-76670631c060, 10832, 335184, 184304, 519488
7165e8ef-06c9-4666-ac54-987c9c7e60de, 11000, 335152, 186780, 521932
00ae559d-b74d-480c-9f70-5ac3a0138e97, 10816, 342132, 184656, 526788
fd1edf01-5378-4144-8a8f-e34a3d35dc7b, 11060, 341740, 185356, 527096
c80217f9-22d8-4652-81f0-9f90044415c4, 10716, 273088, 185720, 458808
87df2a79-702b-42bc-8806-53ce4a402831, 10968, 269256, 188084, 457340
473eafc2-d4ce-41dd-b347-0175dd3f9ec1, 10916, 274396, 187296, 461692
2b00768e-c74a-4505-a494-0977c3935da0, 10972, 276012, 186256, 462268
80b7bdd3-5115-421b-a720-59289ce572fe, 10972, 275636, 187668, 463304
2003fa48-3652-46b6-9e5c-29e08164c8d7, 10628, 291184, 282724, 573908
23f288dc-cc07-49da-a97d-87888d9a3d8d, 10904, 297548, 254132, 551680
c6ac7a20-dc0a-4d91-bc54-4d81fdcccb5d, 10748, 286856, 282892, 569748
1959910e-c126-4d65-b373-d9ba6a177114, 10944, 291724, 254316, 546040
434f2ab7-2a6f-4ddb-a966-795a6ea016c2, 10792, 292892, 249808, 542700
276d3e9d-479c-4adb-8430-0d52bb8cea0c, 10928, 305600, 189484, 495084
d0bce3e9-821b-423d-b647-4004c3a350b8, 10960, 303712, 187512, 491224
bba5fc1c-ad0d-45e2-b900-48989f688d5e, 10756, 306440, 186008, 492448
92a25332-552b-47dc-a1c6-91385d2a3b6d, 10880, 300460, 189444, 489904
e69c5558-a4eb-4864-ac3a-4798636c04d2, 11164, 299972, 187660, 487632
a9ae9ab2-d31d-48cc-8343-02c30b8f67fd, 10804, 321936, 187504, 509440
94195a2e-4337-467c-8d8c-53c55d5172ee, 10868, 325804, 189700, 515504
3ae87516-ccf7-4a96-9024-caec32d94ad8, 10968, 322516, 189544, 512060
7d77e5e6-4bbb-4f7d-b2d9-509f57de3db9, 10784, 318288, 189712, 508000
428d27d4-0372-4859-99e9-37e3b591e291, 10712, 322088, 189300, 511388
b41b5322-b825-4e11-82b0-dbf52cee46d9, 10816, 340992, 189940, 530932
66a1e4cd-a57c-43f1-a2aa-dcf6ac0886fe, 10944, 339576, 190012, 529588
56c2aa8c-1ccc-42ce-ad6d-f732885d5fde, 10776, 341092, 190636, 531728
bc9c0bdb-4b94-4436-8bb4-c86cddac2244, 10804, 337340, 190832, 528172
941d9f16-96d9-4408-aafd-69d2412d47e3, 10792, 341260, 187976, 529236
5e2ff87a-8531-4d80-b5a2-89ba0e3f514f, 10968, 271256, 246344, 517600
27331ed8-0b48-4f80-a5b3-f295228fbe1b, 10892, 279712, 246248, 525960
2f373a19-7ac6-47ba-acc4-3cd4ec8004c5, 10888, 271288, 246332, 517620
64c3337c-00be-4092-af89-136bdb64081e, 10852, 270400, 246172, 516572
ce6f977a-6d21-416e-8421-23156a275517, 10712, 271292, 246152, 517444
3cb80b05-5353-4fa1-8807-1a06a48dc6ea, 10788, 294836, 246560, 541396
5b58ae11-4523-46a3-b5b6-d7841000129a, 10940, 276148, 244520, 520668
7b416298-9b42-4ed3-91c5-53d888bdf4fb, 10708, 286716, 246408, 533124
c6cb56b7-a5ff-4663-a812-89ab361d8c3e, 11160, 273216, 246552, 519768
56af3bdb-bdb0-4430-bc3b-cd20b14d6f18, 10788, 289404, 244552, 533956
b358677c-a3e1-4ead-b324-6c96f1c60051, 10824, 302772, 187696, 490468
d49b2a4f-7a1c-413a-92a4-f203377287eb, 10828, 293924, 187796, 481720
c79c19b7-debd-4b79-a2a8-db8fc0c83ddf, 11116, 296616, 187896, 484512
83f2eb46-a29d-438d-8ec4-78ff4a5cb90c, 10636, 295788, 188844, 484632
3907e992-e31d-45a7-853d-7c4dbb80ebae, 10592, 281556, 186732, 468288
61f7d6c3-60b6-46e7-8b04-d9f6a5ede972, 10980, 309796, 189288, 499084
2d4bc8ac-712c-4b1e-9488-672eefeaea2c, 10776, 311668, 189856, 501524
4e1c56c3-2a8a-4947-aa63-b0e2b24a0a35, 10804, 297680, 191952, 489632
94345b58-9598-4ea1-bef7-d91c3882cb7a, 10948, 305812, 191132, 496944
65f94cee-ac45-4a32-be65-f8c127e81fb2, 10796, 308128, 191232, 499360
4cb35ef7-ff31-4611-99cd-52b7428baf32, 10812, 328700, 191376, 520076
badc6bc7-3cc2-4059-b0f6-247b56a2a882, 10992, 329452, 191704, 521156
14e12bfd-e199-48eb-9aa7-e69933ae4e59, 10868, 316052, 192004, 508056
c8911987-e987-407d-a292-62c325bbc731, 10888, 319128, 191280, 510408
1ac3ff0b-763c-4557-8b0c-7f5e34ee4352, 11032, 311640, 193980, 505620
daede3e0-0181-49ff-a3d7-3114d2bdb269, 10696, 254832, 359736, 614568
570d2d6c-e2c4-4a5b-87d5-424cc4526ac2, 11020, 264400, 344260, 608660
63d6533b-a99f-476f-9925-3c83cc08dd22, 10896, 254568, 378292, 632860
5f4f56c7-ae8c-4d69-9e0f-65a645c9a5c1, 10752, 267516, 376064, 643580
a632309b-4668-40cc-a836-e6e92ce81a4b, 11060, 260980, 376080, 637060
f53e4ed0-6b43-4c7f-9711-637f4b62ede6, 11148, 271124, 470720, 741844
a6472984-3a1c-4ab4-865f-9c8452337015, 10940, 282404, 468028, 750432
cbc03dbf-7878-4f55-b11b-5574f4132aa3, 10724, 278040, 374684, 652724
0238f5a3-908e-4734-b7f9-e0178985f4c9, 10972, 274504, 439196, 713700
73892a17-d8da-4425-aad7-2aa0639f9e26, 10844, 280368, 468256, 748624
acaf0251-982e-40a3-a54f-41038fa2bf4c, 10976, 287896, 209160, 497056
e5febb82-1b0d-4fef-9dbb-d65b046db21f, 10928, 300992, 210016, 511008
b0a0d1c1-f8c6-43c3-a677-8b527c4ef28b, 10888, 282300, 209936, 492236
ce5f8951-1044-4309-8b76-22326b4f9ca5, 10816, 282340, 208880, 491220
e3ca4f8b-6602-4747-9e8c-767a17a898a5, 10984, 286236, 207456, 493692
a2982042-714f-499a-a5a3-469e5a8814ae, 10736, 313120, 216992, 530112
0632fe1a-96ca-48f6-81dd-37a0970e6dbe, 10976, 298240, 215352, 513592
9f8c6ca4-890a-4758-8821-1fb59de5e9ea, 10884, 303164, 217200, 520364
6c9086f1-f1b3-4211-bfa3-a351f08e1ac9, 10740, 300256, 215020, 515276
4b6ce08c-b41f-4ce7-9d1a-56a4d8db6c1c, 10836, 305528, 218352, 523880
d189cf48-a74f-4c6a-8686-290e4b43f9b5, 10996, 315912, 225496, 541408
ca5a1386-80d2-4a46-9a5f-b3fa54ad03c0, 10976, 321984, 227720, 549704
b88c8d2f-9f66-4da6-8d5a-cca64a630274, 10932, 324320, 226264, 550584
654db819-3c8b-4285-a4a7-583c6c9f088c, 10960, 311332, 217880, 529212
ec244d1d-b10b-4072-8207-35e90da7ab03, 10920, 334200, 224148, 558348
a369eb01-d89f-42a9-8e9c-1f085a860d65, 10776, 261480, 262428, 523908
9dc9c65f-d9b1-45d4-bb37-71e09c46bbec, 10760, 259048, 261868, 520916
76528921-f579-4240-b257-6f233674bfab, 10800, 259472, 261936, 521408
eefdce79-d33a-410f-a164-4b0ea51f3cef, 11060, 263124, 262204, 525328
34f2de85-fa5e-475f-9858-4dd1e8241894, 10884, 255344, 261688, 517032
31e11e89-187e-4f5f-869e-f3569829a303, 10884, 278636, 308828, 587464
ba47fc7e-99fc-4550-978f-9c37da471197, 10816, 265528, 307252, 572780
75a86dfd-99b1-41cd-a72c-b589ecc28702, 10892, 274536, 306720, 581256
784019ad-653a-45f9-8ef3-a99469dea581, 10788, 275616, 306952, 582568
99bb1541-de0f-4e3d-b88a-68579fb49d00, 10920, 283400, 307112, 590512
42eaadcb-1f99-45a6-94c8-08b4c6a26ac9, 10964, 284668, 187904, 472572
5c93709a-cec1-4de2-bcc2-c2444e6e20ab, 10736, 282008, 188056, 470064
c0aed7b5-231e-4049-8e38-20e367bea23a, 10892, 286324, 188128, 474452
fbf42193-6bfe-4db7-8ec3-ee8296dc7b8b, 10984, 298384, 187032, 485416
280a8dc0-9997-4363-afab-3d7363f4ef61, 10796, 288764, 187772, 476536
fa398dd0-5497-48f5-abc3-5027d93af46c, 11088, 304700, 190296, 494996
9c3e5f7e-ae93-4fcd-81d4-4902a2157eee, 10840, 319072, 189224, 508296
e5d14a5c-5429-4f16-b2b9-cf747abf7d4e, 10704, 314760, 189988, 504748
9e21ecf0-65f7-4fca-810e-8d80158c280e, 10968, 319296, 189652, 508948
f46d2b80-5ebc-498e-9f8f-18c3a6f55e1f, 10952, 321344, 189932, 511276
82369a15-8274-4655-822f-e6ca45b358ad, 10676, 324976, 191236, 516212
13093eb1-832a-4418-a8d4-abd9ff7d910a, 10856, 326392, 190844, 517236
24aad029-65ad-4f5d-aa3e-37e281fcf97c, 10900, 339312, 191840, 531152
03c9d72f-88e4-45ef-9f0e-d3f45c1cd1b3, 10836, 338004, 191780, 529784
18c27ce1-d9ae-4a05-9c88-bc98c0d9302f, 10912, 338972, 191536, 530508
badc19c2-d986-4509-a02e-3648923270b8, 10764, 267984, 219520, 487504
f7c2872e-e746-4f48-9832-a796193afc2d, 11168, 263604, 219552, 483156
32111bfc-1d2d-449f-9ba7-ac50b68e3ba6, 11116, 264080, 217676, 481756
72342553-aec1-4f34-b4fa-d8737949de92, 10856, 269320, 217112, 486432
3752306b-a139-4d6a-8e0f-7a83952736e7, 10860, 269164, 218584, 487748
2e543c5e-6c86-491a-aa71-267db7971a0f, 11148, 293844, 185712, 479556
29de9bce-8ced-4291-a81e-21f054815b74, 10652, 291984, 184884, 476868
64174036-1fc9-4882-a705-844b6f5b54f8, 10848, 288512, 185400, 473912
70f4ec9c-d4b7-4392-80b7-5671e5468772, 10944, 292912, 189244, 482156
df67369a-4038-41ba-a4a4-7739babf8e98, 10780, 287424, 187200, 474624
5a6ab05e-5f5f-4e78-a011-34a9bf17bf1a, 11056, 309836, 189396, 499232
0166e4ef-f580-490d-8c48-644f2c78ccc3, 10868, 309920, 186520, 496440
68560693-574c-43a8-bf6b-dedb9e7b79b8, 10892, 306180, 187268, 493448
3e0f1938-b964-4300-98c0-92621f351fec, 10860, 304144, 188820, 492964
79241afc-0856-410d-bfd9-71d5c60e9f90, 10996, 307708, 187300, 495008
7d948167-b892-408e-b5ce-f85691e7db84, 11056, 316396, 189504, 505900
eb37e49c-0d48-4f59-b5e9-3bc018bc214e, 10988, 314288, 191488, 505776
15d9c6d4-f509-49f7-b2e1-81e80fb7cde6, 11104, 321856, 191220, 513076
14ffc76c-481c-4500-a79c-2154c82faa18, 10752, 315872, 188652, 504524
952e0010-fd53-493c-bbb6-33eaf95f67e0, 10692, 317572, 190788, 508360
68dd9e37-4833-41bb-b00c-71f5aae1a2de, 10944, 333136, 184808, 517944
308617e6-8a08-4b9b-967e-62c107abb2bb, 10896, 323016, 184936, 507952
039bace1-ccb0-492d-a20b-e8ed4089c3ab, 10920, 326900, 184904, 511804
759d73cc-1828-46a8-9969-d317cfe0b372, 10800, 326524, 186220, 512744
cba71323-5ed6-46d9-a307-51ae87be3a4b, 10788, 331628, 184904, 516532
22dd7594-cde7-4808-b574-553b47561cc8, 11044, 257608, 204740, 462348
98767f0b-a3ff-4e83-987b-7046585ceab0, 10956, 256864, 205272, 462136
4ad48200-b94d-4c57-bfc3-a85e26f35354, 10920, 276932, 203076, 480008
8b9e1f7d-d334-437c-aa85-78bd9c117bfb, 10940, 273444, 205036, 478480
0ea93189-ce11-44d7-bbed-e75ddd1d6c08, 10628, 261080, 205416, 466496
27e7895b-ca5f-4d30-9d0c-a5ed2c634769, 10984, 294356, 188760, 483116
ef5ea90d-90b0-4d33-a73e-0f28b3b0728e, 10848, 289460, 189316, 478776
43589da5-5a44-41a9-beb7-8acaf122a1ff, 10804, 282852, 189012, 471864
91ecc3a2-eafa-4ff5-83e7-190bd3ae7f1e, 11068, 290812, 191896, 482708
3f850fb9-bbc1-4b46-9a29-f93ec1a16809, 10880, 284640, 191536, 476176
5efa4c17-ee6d-4b13-89dd-62414666f3e4, 10812, 304484, 190804, 495288
388be3bc-1c04-459b-a65b-41df67bf138d, 10896, 297512, 188692, 486204
5be26378-1f54-4cde-af0f-1a7bfc249764, 11072, 289804, 188696, 478500
68a18346-0763-4af2-865a-a0c65fea5f7e, 10944, 298564, 192508, 491072
5522394b-42c3-47dc-8fe5-3b76165de60e, 11076, 303080, 190992, 494072
4b5d78ad-b1b0-4364-89fe-70106fe05daa, 10884, 299136, 191996, 491132
66137308-d89a-414d-aa4a-22c7a40233f9, 11020, 292480, 192292, 484772
82d99d5a-eba0-461d-bf78-1c3f0631d192, 11088, 318408, 189188, 507596
e144b65c-2f70-4719-8a98-a053566a8a3b, 11164, 311860, 191908, 503768
1540c8dc-35c6-4e5f-b996-f469536ece48, 10892, 322276, 193324, 515600
d0abd742-d9ed-4bf2-a314-cad144183148, 11056, 326040, 193752, 519792
94cbd88c-3afd-4f9a-b71c-9ce6fc7d38aa, 10932, 337656, 190740, 528396
6040d4d0-0750-4bb0-880f-9a27ce9b0f0b, 10612, 338740, 190656, 529396
234d4e59-b975-405c-a5bb-47932216a320, 10960, 341608, 192832, 534440
b94a070f-6c99-4777-a747-850c45a52e12, 10844, 336700, 195752, 532452
40799877-9e5c-421e-9d24-5eec8ea54fdd, 10780, 268304, 187116, 455420
28f03ee6-e047-44a9-a22a-ddbc24d63b74, 10784, 267444, 190092, 457536
6e5de3d1-09a0-4a32-ae4d-911b026d2b86, 10868, 275268, 192176, 467444
73ab9ed9-1508-4f0c-b3c1-751f7ffed83f, 11028, 267368, 189236, 456604
5d6ec5bf-499b-4f3e-a349-0debcb5ab664, 10912, 268876, 192252, 461128
d0b620c1-2975-4c70-a8d4-f634d325aaac, 10808, 278928, 189568, 468496
efb7f940-4fa8-49da-9a27-99cfcd600880, 10868, 294312, 189544, 483856
23ccee19-c9d0-4b54-a195-62b09cb0d124, 10896, 282232, 187884, 470116
34935afb-cdc2-4b35-bdc0-b421f6e816fd, 10932, 290672, 187864, 478536
ae31581d-ea3b-4dc9-8d8e-f6310d39b16d, 10740, 291156, 190036, 481192
fe1caeff-9553-4b2a-ab1a-a6016c2f1327, 10700, 304868, 189224, 494092
eab178c0-eb16-48fc-99f3-88df5d02f6cc, 11052, 302576, 189244, 491820
52429dd1-9c30-422f-a8be-4e80d9f684e5, 10800, 299408, 191324, 490732
71e54752-508d-406d-bd40-df8dd1c25842, 10872, 288208, 188840, 477048
c595c98f-5b38-4906-a8bd-0ec3450a7f3f, 10888, 298560, 189280, 487840
67c38d88-7ab8-46e3-8e2c-947d3d41b636, 10808, 312348, 190472, 502820
e450a988-74c6-48a9-b8b8-af2647e79a7c, 10764, 314372, 193160, 507532
287ed41f-12df-4cbe-a65a-cb73b27f20bd, 10832, 312344, 190476, 502820
98b49165-3eb4-4e2a-8750-3b8c38eadc5b, 11024, 305332, 192940, 498272
c139d13d-c348-473c-9c27-0404f1fc76fe, 10988, 317940, 190580, 508520
83abd656-ce23-4d64-a982-39adbae76f2c, 10912, 338476, 189568, 528044
0bfea15e-b929-4cf6-a29d-6fa848572a0e, 11012, 330256, 190692, 520948
ce2127f0-7bda-4a60-b3cd-005cbb2b41ff, 11068, 338752, 188120, 526872
4a353d4d-150f-4725-81c6-f103f4cf3c48, 10928, 316848, 188308, 505156
c1125d09-25d8-4cda-b137-699443e63154, 10856, 325976, 188396, 514372
e1f1dd6a-b217-4ca4-acde-ee37e2a8260b, 10932, 265352, 295672, 561024
8484ebf6-a384-4ed1-8133-0c23d75c185f, 10684, 267196, 311932, 579128
66705dc5-857c-4e60-ab74-039af1dbad2e, 10792, 271548, 311212, 582760
88ebf95b-e209-4115-9b2e-082b0a9fb8b0, 10720, 273788, 312160, 585948
7d6da613-bc0b-4afd-a590-bbc073a78113, 10816, 257424, 326904, 584328
13b0d701-de0a-45de-b864-49780e342dc9, 10848, 292960, 344136, 637096
36e97dc9-f928-4681-baa8-5474cfbd4ed7, 10644, 286976, 348212, 635188
166710b6-a190-4bcc-a939-069c7256786c, 10892, 290420, 344420, 634840
3b6bb64c-422f-4e65-b4d8-49168fe27bd7, 10812, 291616, 346020, 637636
48b768e9-e64d-41e8-9280-834b72c07aec, 10984, 290464, 283980, 574444
7345de23-fbb7-43e9-bca1-674394b45a87, 10732, 313256, 192556, 505812
345f0374-4ee2-49e2-932e-e56e6bade978, 11144, 305240, 194560, 499800
f313778c-635b-4a99-b3b2-1727906d25e8, 10916, 298488, 193092, 491580
c0c3c3d6-d091-49aa-a1b5-fbcbd3945f70, 10972, 282972, 194364, 477336
1c6d75b4-25a4-40d4-aa73-ca7221acb5aa, 10712, 298400, 193912, 492312
ffc9d535-da77-44ba-8c52-d2b5ace26056, 10956, 310092, 196732, 506824
177bc501-fd8a-48dc-93fc-16a3bd4b4d17, 11000, 316752, 194688, 511440
07db35a6-33a5-435f-a73e-555a770f682c, 11000, 311300, 196844, 508144
2e2bfd37-49ce-42e8-bf56-16ce6f33acf4, 10728, 310396, 194140, 504536
b2f852a4-7d0e-4b2d-9959-0b4052eff18f, 10808, 316928, 196864, 513792
cdcf51a6-d9e1-4d52-8756-661ec57b780b, 11004, 325532, 200440, 525972
51f9ad1c-6e82-4831-8ae1-66b3e4fa570c, 11068, 321392, 201088, 522480
b44217c3-2c7c-4831-8a1c-0e1b84a324fc, 10836, 329652, 196396, 526048
c512f2b7-c06d-47c2-93c5-21920bad2150, 10964, 337608, 198020, 535628
f0886e3e-2561-4f3a-83df-6d823fce5d15, 10864, 340220, 199124, 539344
ba224c4d-d4a9-4cad-a886-cd08797d7a1d, 11104, 273016, 182520, 455536
3f9d5716-a433-43f1-97ac-a178a3bb75b4, 10956, 269044, 181372, 450416
a3f2cdbd-8a6f-4bef-8bbe-f9d4f8621ccc, 10828, 278540, 183492, 462032
749a6e62-d23f-475d-b08d-efe6e7d9ffc4, 10792, 277848, 181876, 459724
2fc26f5f-53e1-41a9-a50b-c556c4b8e8b7, 10948, 266172, 184432, 450604
e96f025e-0170-4718-9bb9-fcd19eced25f, 10732, 289316, 182104, 471420
fe4c3f8f-e678-4811-b145-ad0b11104bc1, 10796, 279000, 181800, 460800
df9e8755-77cb-406d-b8f3-52328ce19005, 10880, 284984, 181584, 466568
46980c52-40d3-4251-80be-e2c09f6d4c07, 10724, 289268, 182056, 471324
9c8d9af2-7120-4bc7-8b41-eac0e6bca149, 10844, 291376, 184256, 475632
43bb41c9-1f3f-4f76-bfe1-54c70a8e8105, 10908, 309460, 182248, 491708
1ba2fc74-5e71-4ef8-bb57-dfc8b9d9a401, 10716, 302856, 181176, 484032
eaa6db2c-64d3-486a-b954-7e40f0699801, 10884, 304236, 182196, 486432
2860ac46-2903-443e-90f1-c1bf04be4d3c, 10928, 294804, 182344, 477148
9fb63f60-bd2a-4209-b9c6-eb12aaa44105, 10908, 275020, 182304, 457324
a233c7ca-0d3a-413f-97ec-c6b0d340bb27, 10952, 318488, 182008, 500496
931d5379-92bf-4807-91ce-9e915a1f2fce, 10744, 308336, 181904, 490240
d1297960-97fb-40a7-b061-8e66dab349ea, 10816, 318112, 181944, 500056
3bfc4a9d-ce26-4793-baef-8a7caf2095e8, 10948, 324804, 184184, 508988
c1677f91-b60e-456e-8618-47d1e8f24af5, 10820, 312224, 181844, 494068
42ac6389-a2f6-4080-9af0-00828639af91, 10816, 334268, 181824, 516092
6cd7e4e6-5f2f-4263-95af-a401118552a9, 10800, 331384, 181800, 513184
79a61c25-1969-4c6c-a44c-7eabe52dd3ef, 10740, 322856, 181904, 504760
8f29aca1-dcb7-46df-8645-8473c0dd2cb3, 11020, 332048, 182520, 514568
8ecf24a6-e6af-4f83-805d-8e3bfc1c0a19, 10844, 317192, 181672, 498864
e0cdca11-0ae4-4d14-ac09-99979162f449, 11068, 263432, 222212, 485644
6fde7c86-61d1-4e8f-b49b-b1b9b7b236d5, 10712, 266440, 220120, 486560
afd62612-c995-44fe-add8-18974f68cdc8, 10824, 269784, 221472, 491256
f4cd40a6-ac56-4495-b296-234e918d1bec, 10928, 262432, 220216, 482648
2d82ec0f-fcfe-4a4d-9969-100fe27d7a6f, 10688, 276420, 220060, 496480
f06b9a9e-d092-4270-b0fa-2742cde9d757, 10948, 279636, 190928, 470564
da18013b-e998-45a3-bfd8-b0fad1321520, 10868, 296628, 188780, 485408
3933a273-e3b6-437a-be3c-bbb84c14534f, 10876, 282616, 188632, 471248
5d818423-d60f-4b2c-bc2e-49785824856a, 11060, 284580, 188620, 473200
8773e462-12a2-4f90-91f1-2bd9333b66cd, 11040, 277184, 192860, 470044
eea0e2ed-6dde-4769-9002-3aca836bb4ad, 10964, 302012, 194032, 496044
1033579f-4344-425f-b577-6a4b33a9249c, 10948, 302744, 194236, 496980
ac4fa0fc-a57a-4649-9d77-a193a844beaa, 10960, 297212, 191724, 488936
e71b823d-608b-4356-b126-668e97274b30, 11080, 280464, 192116, 472580
1095e661-e7aa-4f3e-adc1-74265fe2d65e, 11068, 311172, 194316, 505488
3d03c3c1-5f79-4d64-94e9-1557ef5afbbb, 10880, 318152, 195528, 513680
bf376420-03ad-4c2c-9aa3-60762ada913c, 10964, 323656, 195136, 518792
04e49fff-72cb-4fe8-ae50-675df756a38a, 10808, 312500, 197284, 509784
57e68875-f489-4346-b58d-4ba68e7fc820, 10924, 314636, 196756, 511392
0d78a3f5-fd95-4760-b585-052f68cfc8b8, 10920, 312328, 195156, 507484
a1bdf8f0-ac20-47d9-9acc-f75d3c05319e, 11076, 328836, 198812, 527648
831f1069-603a-4969-9779-dd63b7ead853, 10740, 338112, 199728, 537840
a2188c5f-d508-4f4b-99b9-28c6a449887d, 10848, 337236, 198044, 535280
440baa4d-cb1d-41c5-bddf-9620c6c6e2a7, 10820, 303280, 197920, 501200
08c6713a-a7ef-4cc5-9d86-0d6678edcc76, 11004, 332792, 195292, 528084
